131
991
370
1437
228
1021
1211
1349
1296
565
628
780
474
417
588
1172
671
1529
897
97
1532
1017
193
1060
278
805
112
983
225
1285
1402
960
492
1531
683
237
884
1543
261
1178
1404
1301
1061
101
304
922
661
917
1507
1537
264
562
1305
1353
1040
613
895
891
1187
49
1427
1070
288
171
909
339
785
1072
1561
1245
696
1025
119
202
57
778
30
87
1260
319
1438
855
67
1327
1184
1026
875
1071
174
76
358
540
1392
357
791
121
702
958
452
1032
26
981
150
989
947
1133
1461
837
1000
704
295
1273
1163
1490
163
538
380
1450
758
668
1426
997
495
442
325
72
1320
316
614
937
1087
1540
1198
699
1431
203
3
1033
847
1555
711
1029
302
371
1473
1539
1558
65
256
1425
1293
1378
317
1470
277
797
1454
834
1314
53
669
18
1440
216
1065
716
20
1319
321
1544
679
1174
1043
787
263
129
22
1410
1439
197
568
1547
281
536
1269
835
287
258
1506
1458
803
553
967
293
1471
578
587
649
1275
486
1207
1179
1161
1096
1480
1067
1231
819
60
547
344
851
480
689
527
330
687
654
1156
307
621
501
1155
1100
1330
1243
460
368
1126
484
385
206
283
426
218
81
151
323
1519
182
604
692
740
253
445
1006
912
456
1360
70
42
903
1142
670
157
987
976
986
823
1348
1350
731
1098
770
1261
1230
314
1079
1052
914
1097
743
928
421
412
1192
1251
656
257
1460
971
1343
635
1131
243
232
343
260
390
1403
840
1309
919
1347
723
584
212
1514
1334
135
1355
1059
46
1323
1186
214
127
838
575
79
1023
1152
98
789
1088
1472
1498
573
366
125
246
1056
523
1339
793
1014
255
697
362
880
1173
883
924
1492
100
703
806
759
465
1292
507
1328
1035
375
497
1084
71
301
400
1095
871
1502
1106
561
1202
58
866
868
1368
955
534
1069
1369
389
204
1112
1002
262
300
24
431
1276
1272
251
1048
1154
730
1165
332
418
493
705
1089
178
208
624
1092
38
1119
183
1302
75
545
1012
1324
1331
1318
993
627
1398
1191
199
4
796
965
763
843
852
739
1311
1018
1008
952
1522
1418
9
1411
273
124
187
413
1391
1393
1222
55
1500
1375
120
634
569
957
326
1373
1340
1382
252
450
476
471
695
180
1475
1046
82
1383
1248
1247
1141
365
233
1281
1313
461
1542
305
271
386
1553
1386
1332
395
1444
1007
517
104
1280
576
488
1240
853
449
870
1433
1365
45
520
34
1351
845
741
153
502
533
130
939
1094
155
817
618
384
638
140
906
364
962
1341
315
172
625
825
543
367
337
1435
311
579
1160
977
1116
473
1129
601
360
491
103
850
231
13
259
1546
1150
1421
5
286
904
1114
1164
1308
784
633
589
810
1080
245
374
1104
1442
1074
138
594
746
1137
902
134
678
1077
1219
113
62
942
52
973
1462
943
1135
1252
999
1082
666
415
1263
1424
821
581
737
440
783
1533
270
1526
1151
1128
988
424
1217
546
462
856
747
506
209
1453
1333
1449
1397
328
1501
595
1168
642
377
280
1113
1379
1423
921
1374
1238
712
482
1279
437
1299
333
1388
139
84
336
1220
406
1209
201
219
296
725
560
1451
910
707
1321
1511
312
1215
944
176
606
1354
764
487
1139
1034
830
196
639
1297
68
448
558
892
788
285
885
1409
1283
152
37
557
945
715
709
435
1227
436
894
1110
1109
466
1395
854
752
657
1419
249
396
775
21
284
631
1256
439
1527
586
593
455
1170
539
111
636
1213
630
369
1416
1346
195
972
1223
156
1363
1381
1125
535
1064
814
911
1265
933
1197
1491
1295
1005
467
1412
660
769
745
1264
836
1358
556
1377
857
798
934
59
109
410
222
1167
27
267
1329
394
722
335
1050
126
1352
349
432
1554
620
1380
189
844
226
241
801
1022
1196
1436
1003
652
292
736
381
961
6
1432
816
48
729
447
750
401
122
899
1177
1054
964
1093
1068
1027
1278
799
849
1078
63
779
890
279
936
12
469
1254
932
1101
782
1013
1108
40
985
677
1429
1448
1441
664
128
409
407
637
1259
1105
341
672
682
940
754
224
941
318
1055
1031
1053
994
1493
274
567
1520
350
776
1121
230
322
1336
1322
399
532
949
1224
1518
1099
411
93
888
717
771
297
694
1521
99
291
1482
147
1262
1515
685
392
158
1559
402
519
217
1476
1557
848
1509
530
767
64
117
858
1203
1267
675
564
1148
464
1158
141
603
1208
591
168
1306
1146
920
732
1149
726
393
170
294
1044
1162
74
1049
873
528
698
859
327
1364
1234
644
1496
809
438
235
1216
762
1552
329
513
1122
615
1051
1477
572
179
1246
734
1294
886
700
211
990
632
338
47
1463
772
1405
94
1009
425
86
1232
842
1479
1236
1466
691
662
1415
583
833
609
1001
31
1290
80
137
499
44
353
376
16
1307
1359
39
1225
215
548
744
846
1390
929
982
865
537
1516
648
133
454
610
1206
951
289
210
867
236
229
434
969
207
1372
23
145
748
516
1489
1550
1199
149
887
416
1062
398
861
1414
433
503
915
1384
808
1253
29
889
11
658
78
92
1447
159
781
167
1551
504
1090
956
1057
478
1145
470
622
551
822
512
1144
164
1428
901
1010
1194
1041
1047
14
428
483
525
1445
681
1214
1394
1446
1342
1210
959
194
185
908
1228
720
686
1038
1140
509
674
184
1136
383
582
382
50
647
1016
1024
574
1130
275
136
790
667
608
1420
824
708
1111
414
998
550
1132
510
1464
475
148
108
935
359
324
518
1166
1513
1159
918
146
490
56
881
626
1430
653
161
459
761
422
1563
598
379
114
420
792
423
443
485
1081
505
757
1310
105
643
143
1455
966
35
123
577
472
794
205
693
673
1538
7
489
554
1345
1189
1147
1143
1258
51
1086
612
807
1124
800
190
874
1011
290
1371
831
313
563
585
841
175
451
1271
500
1370
916
1268
1505
1406
298
1181
306
96
755
898
511
1376
641
542
978
248
1298
33
869
405
659
1396
458
566
1494
477
688
954
1315
1233
1020
1503
1288
266
223
90
992
753
1073
879
498
1028
893
970
1239
372
950
882
1317
1205
1153
1535
19
244
43
238
925
1366
974
1185
32
714
701
346
650
345
154
690
728
804
815
102
571
1389
953
931
839
457
938
1085
1134
419
88
905
765
1175
1204
515
1486
927
1118
494
1549
1499
1063
826
403
996
552
1488
1422
619
1182
795
514
1257
1487
827
342
107
1083
1325
1221
453
1417
756
1485
602
356
876
234
1361
663
1291
733
1387
1201
646
713
1195
1004
162
192
1226
221
1385
240
1171
718
872
1076
751
676
774
303
645
1536
719
1457
684
907
496
963
710
25
877
1045
1344
1528
655
95
1286
860
1525
968
617
1138
1303
320
36
597
1039
596
721
200
173
766
1468
69
66
1467
1556
1107
177
508
1277
1287
1337
468
239
1058
106
347
623
600
1102
463
1117
818
391
1443
73
61
1530
524
1250
811
1497
1127
186
354
979
1407
570
946
1169
227
984
680
479
308
913
1495
388
444
1244
864
1218
10
1481
247
1019
77
481
1508
948
160
1237
878
1249
54
28
1523
1157
1534
1478
1434
541
1242
980
1504
773
169
1367
1066
1042
1229
268
427
348
8
1200
363
616
254
132
213
896
1030
1289
640
724
1545
975
1413
118
1037
1474
651
41
1401
2
1300
265
1282
592
198
828
1075
1399
1255
1312
1356
299
115
607
802
165
735
1241
1015
1180
1357
727
1190
1316
83
331
269
531
829
181
1304
580
522
250
1183
813
351
1483
1036
1212
1103
1335
17
1517
1284
665
590
116
1408
378
408
1452
352
738
820
91
441
786
555
1484
1091
995
430
1
1270
85
373
355
242
605
923
387
900
1512
1465
926
1548
629
144
276
397
521
429
446
559
599
309
272
220
1338
862
812
930
549
544
142
166
1193
777
1176
334
1562
110
1560
1541
749
1456
191
188
340
89
282
1274
768
611
760
526
1362
1115
742
1510
1326
1400
1524
1120
832
310
15
1266
863
1123
706
1459
1235
1188
361
404
529